[0.35268554, 0.3299767, nan, 0.33739945, 0.31269822, 0.2952634, 0.31938604, 0.33378816, 0.32592645, 0.30785772, 0.29977268, 0.3291634, 0.29846895, 0.31417692, 0.3147071, 0.3332692, 0.32579955, 0.29636595, 0.29662177, 0.29902005, 0.3393385, 0.30880666, 0.3129375, 0.31263423, 0.318205, 0.2872608, 0.33288258, -0.32642108, 0.3139515, 0.3052188, 0.2911479, 0.33160204, 0.308113, 0.32590964, nan, 0.3356118, 0.32224983, 0.3059818, nan]
[0.34064785, 0.32068604, 0.30244935, 0.3187778, 0.3247144, 0.35481668, 0.32480764, 0.28177443, 0.33436602, 0.33082664, 0.32897106, 0.309976, 0.35319898, 0.32692602, 0.30024603, 0.317866, 0.31845802, 0.32566023, 0.29968652, nan, 0.3150416, 0.32086495, 0.34069398, 0.32637727, 0.32745808, 0.31588694, 0.30773214, 0.30854213, 0.31719667, nan, 0.32461822, 0.3378762, 0.29858315, 0.33967578, 0.31321412, 0.3132349, 0.30369097, 0.3190737, 0.3172113, 0.3074473]
[0.3063282, 0.29830822, 0.30839115, 0.31500807, nan, 0.29898497, 0.30242985, 0.3148811, 0.32484213, 0.31940183, 0.3119224, 0.29563704, 0.3490732, 0.3186504, 0.30469444, 0.32179263, 0.29640138, 0.32181993, 0.3330625, 0.33616218, 0.3274778, 0.2977818, 0.3275428, 0.32146347, 0.3218406, 0.3096313, 0.31279674, 0.3043159, 0.3327105, 0.30722722, 0.3225361, 0.30405605, 1.8615636e-30, 0.32300016, 0.29615092, 0.32340848, 0.31242, 0.34017873, 0.30882934, 0.2980858, 0.33709368, 0.31307375, 0.32932785, 0.2933473, 0.32461333]
[0.32343417, 0.3317504, 0.31284183, 0.30285472, 0.35084447, 0.3000344, 0.3306585, 0.32971227, 0.34505996, 0.297703, 0.30459705, 0.31545117, nan, 0.33448842, 0.33196437, 0.31834486, 0.32957765, 0.29623055, nan, 0.30821517, 0.3219112, 0.29531184, 0.32307443, 0.32098714, 0.3389603, 0.30317882, 0.30317724, nan, 0.31002495, 0.31096196, 0.30007476, 0.3018462, nan, 0.31542164, 0.35560217, 0.30863994, nan, 0.31500968, 0.31810966, 0.33067805, 0.30048415]
[0.33677074, 0.3118265, 0.3124402, 0.29824236, 0.3106702, 0.3109677, 0.3097327, nan, 0.32232746, 0.32499793, 0.27216557, 0.32349008, 0.31795272, 0.31871697, nan, 0.3201533, 0.31755573, 0.3013697, nan, 0.3289573, 0.3110319, 0.3089172, 0.30836013, 0.30194646, nan, 0.29371092, 0.28363928, 0.31646547, 0.32025066, 0.33962357, 0.3338222, 0.31452498, 0.31639785, 0.31081858, 0.31609845, 0.31853986, 0.31743348]
[0.3290845, 0.31946027, 0.29956955, 0.29456508, 0.2990659, 0.33471987, 0.2999997, 0.3306795, 0.32785532, 0.32792407, 0.31073114, 0.33739197, 0.33794418, 0.29876816, 0.32621446, 0.3195513, 0.33548918, 0.33128324, 0.30664155, 0.3149168, 0.33425185, nan, 0.3066734, 0.292983, 0.34430203, 0.31753883, 0.33223587, 0.3229231, 0.2971933, 0.3324967, 0.3434904, 0.3212469, 0.32316166, 0.32301018, 0.34205496, 0.29604426, 0.3119732, 0.33781132]
[0.33667803, 0.29367524, 0.3470749, nan, 0.33551928, 0.3188389, 0.33462775, 0.32229924, 0.33136714, 0.31366742, 0.3479499, 0.34307757, 0.3207051, 0.31793293, 0.3106788, 0.33683857, 0.32651043, 0.3242803, 0.33530325, 0.301039, 0.32397598, 0.31113574, 0.34120634, 0.29053205, 0.33649692, 0.33908787, 0.30698743, nan, 0.31732827, 0.30384356, nan, 0.3175557, nan, 0.29917377, 0.3172382, 0.31117913]
[0.32994682, 0.30061364, nan, 0.32783177, 0.32891464, 0.35094717, 0.3138427, 0.27285615, 0.32064325, 0.3063542, 0.33392408, 0.30040255, 0.3108799, 0.29337376, 0.28856382, 0.31244412, 0.28603542, 0.3063182, 0.3229306, 0.31221208, 0.29941237, 0.32755166, 0.33115062, 0.30038536, 0.29764947, 0.31026804, 0.29744643, 0.33501995, 0.32834065, 0.32537234, 277.94608, 0.32271922, 0.31589702, 0.34726807, 0.3110662, 0.32982564, 0.30504557, 0.28947127]
[0.31513563, 0.33851925, 0.33961052, 0.30688694, 0.33186167, nan, 0.32582757, 0.29561687, nan, 0.31951085, 0.33309525, 0.303988, 0.2996197, 0.31837004, 0.2994174, 0.32563245, 0.302441, 0.32100174, 0.30997005, 0.30885857, 0.31857738, 0.33870128, 0.3184046, 0.32306966, 0.24826333, 0.3471851, 0.32877848, 0.31450608, 0.29572237, 0.32975617, 0.3462967, 0.30202004, 0.32172707, 0.31892288]
[0.34237596, 0.32578656, 0.29013088, 0.35230058, 0.26380536, 0.31104714, 0.33159825, 0.31198058, 0.31066123, 0.28993464, 0.32564363, 0.33694518, 0.3305642, 0.32789978, 0.31139433, 0.3284169, 0.31803805, 0.3296646, 0.3155246, 0.30928218, 0.33319083, 0.33973518, 0.33848047, 0.31510067, 0.3373793, 0.32915398, 0.29694098, 0.28246903, 0.30409282, 0.29587156, 0.2996312, -0.3336406, 0.3098162, 0.33679274, 0.33749974, 0.33035278, 0.29455033]
[0.3312306, 0.33550313, 0.29603353, 0.32015333, 0.30160546, 0.33432233, 0.29802012, 0.31698635, 0.3077787, 0.31628892, 0.29923433, 0.32360744, nan, 0.31218284, 0.34088376, 0.34330073, 0.33370858, 0.31031728, 0.3252412, 0.33674678, 0.3335319, 0.30897403, 0.33373368, 0.33278155, 0.30169493, 0.3261327, 0.3102808, 0.32922316, 0.32454535, 0.30603105, 0.2703908, 0.30756167, 0.3349512, 0.31043845, 0.3163699, 0.33083862, 0.31977168, 0.33912528, 0.32421455, 0.32991537, 0.29753667, 0.2963271, 0.32488698]
[0.3007314, 0.3074679, nan, 0.3167665, 0.3144595, 0.3123075, 0.31432086, nan, 0.30260116, 0.3157848, 0.3563747, 0.335006, 0.3308806, 0.32655078, 0.3056793, 0.36887455, 0.31029674, 0.3169334, 0.31954065, 0.30622748, nan, 0.30631042, 0.31508276, nan, 0.29704723, 0.30216408, nan, 0.33863407, 0.30758587, 0.3137973, 0.30400565, 0.3495838, 0.33469346, 0.3216787, 0.30652547, 0.30177993, 0.32498854, 0.29798067, 0.32000744, nan]
[0.31197202, 0.32594374, 0.2925441, 0.33278114, 0.31903487, 0.31590885, 0.3013143, 0.3067953, 0.2973935, 0.31019816, 0.21278615, 0.3145073, nan, 0.32293135, 0.3312069, 0.3321802, 0.30051413, 0.31599665, 0.30092493, 0.3346193, 0.30341297, 0.31746277, 0.3027339, 0.30413133, 0.30570975, 0.32516977, 0.31469145, 0.31759062, 0.36598706, 0.3159268, 0.30457357, 0.32964405, 0.31529653, nan, 0.34581083, 0.32913512, 0.3307182, 0.34025925, 0.32850337, 0.31057274]
[0.3046517, 0.31011692, 0.32510337, 0.31112772, 0.31161267, nan, 0.0025597655, 0.29414326, 0.33050984, 0.30284664, 0.33868915, 0.31105396, 0.3083882, 0.30795798, 0.33283082, 0.32424158, 0.30458212, 0.33561945, 0.3269305, 0.29524395, 0.33233792, 0.32315895, 0.3066783, 0.31503016, 0.308211, 0.32677272, 0.2812249, 0.2994753, 0.31527603, 0.31949708, 0.3063971, 0.3106492, 0.32342142, 0.3369307, 0.2761108, 0.31205836, nan, 0.30900714, 0.2961981, 0.30638042, 0.32990524, 0.30452245, 0.3135804, 0.33882216]
[0.29657492, 0.33291587, 0.3100115, 0.32591456, 0.32839715, 0.29714456, 0.33322915, 0.29811782, 0.29988784, 0.30627725, 0.33414397, 0.3113016, 0.30938837, 0.32849902, 0.3347934, 0.2516721, 0.34135753, 0.31020415, 0.31554583, 0.2973963, 0.32362083, nan, 0.3210387, 0.32104945, 0.31434283, 0.33474222, 0.32769096, 0.33068386, 0.3343943, 0.309427, 0.31931168, 0.3041571, 0.30424565, nan, 0.3247783, 0.2964, 0.3356499, nan]
[0.33346155, 0.2983888, 0.29899132, 0.32238516, 0.3403684, 0.33534697, 0.3193254, 0.32529992, 0.33471802, 0.30791035, 0.31766725, 0.29151824, 0.32818407, 0.3084548, 0.32267118, 0.34228048, 0.3003773, 0.2991508, 0.3513545, 0.2958424, 0.2969048, 0.3058753, 0.3181256, 0.31651723, 0.32905495, 0.31784418, 0.33315656, 0.33128074, 0.30453292, 0.3038609, 0.32395482, 0.32929486, 0.33081248, 0.3177405, 0.33245242, 0.29661733, 0.30749917, 0.32609996, 0.30062547, 0.3335787, 0.34363514, nan, 0.3023937, 0.30614215, 0.29645315, 0.31105992]
[0.30530515, 0.30404183, 0.3160719, 0.29792526, 0.35474706, 0.33622712, 0.3161356, 0.31207645, 0.306115, 0.32159388, 0.292216, 0.30157754, 0.33557457, 0.28781152, 0.30857086, 0.29996347, 0.3061078, 0.31208077, 0.30135238, 0.29692292, 0.31847307, 0.30363482, 0.3393578, nan, 0.33019558, 0.32502452, 0.3022475, 0.3132676, 0.34926295, 0.3017551, 0.3865991, 0.32471478, 0.29660666, 0.32589275, 0.30749592, 0.33401546, 0.3268703, 0.339983, 0.33646208, 0.3192804]
[0.3109488, 0.29882202, 0.29796416, 0.3401621, 0.32499385, 0.3026227, 0.29813537, 0.30023822, 0.30319256, 0.3068201, 0.2964509, nan, 0.34121475, 0.31736878, 0.32022342, 0.335873, 0.3316256, 0.35330752, 0.30234388, 0.3111669, 0.33562744, 0.3267508, 0.3575484, 0.32831642, 0.3191664, 0.3073179, 0.31233406, 0.30574885, 0.31721666, 0.3247002, 0.30947128, nan, 0.31309608, 0.29346195, 0.3077499, 0.30977848, 0.33785534]
[0.2966286, nan, 0.33444935, 0.28379518, 0.30041087, 0.32223406, 0.33241645, 0.3231442, 0.32426438, 0.32145393, 0.3279134, 0.33741432, 0.31479988, 0.33036822, nan, 0.33119255, 0.3212959, 0.31329575, 0.29894838, 0.30133164, 0.33612725, 0.3228441, 0.33721915, 0.30197135, 0.31876364, 0.29788867, 0.29998973, 0.3089245, 0.2954743, 0.2984177, 0.3148337, 0.3399722, 0.3138747, 0.3192505, 0.30295077, 0.34978548, 0.33042064, 0.31700587, 0.32260165, 0.34383327]
[0.29667032, 0.32129648, 0.31423563, 0.3041522, 0.29373473, 0.3060549, 0.31537202, 0.30279028, 0.31571382, 0.3170586, 0.32180104, 0.33693567, 0.31135252, 0.3144669, 0.30548817, 0.3302557, 0.33212692, 0.2992042, 0.31667894, 0.3117777, -0.32859272, 0.2948968, 0.3220388, 0.276757, 0.35482883, 0.30457422, 0.33207875, 0.3151132, 0.30813232, 0.31179982, 0.29541853, 0.31040004, 0.32525465, 0.33845523, 0.3335582, 0.33991045, 0.2950671]
